Failed to import warp: No module named 'warp'
Failed to import mujoco_warp: No module named 'warp'
MJX control | mujoco 3.10.0 | jax 0.6.2 | x64=True | cone=mjCONE_PYRAMIDAL | devices=[CudaDevice(id=0)]
mjx data dtype: float64

[flight]  ncon=0  |A_gold|_F=6.406
         h  E_same(A)  E_gold(A)   E_cpu(A)  E_gold(B)  GPUnoise  cos_min
     1e-02   8.85e-15   3.20e+00   3.20e+00   6.86e+00  2.96e-16   0.6353
     3e-03   2.52e-14   1.07e+00   1.07e+00   2.30e+00  1.26e-15   0.7886
     1e-03   1.50e-13   8.62e-09   8.62e-09   1.93e-10  9.87e-15   1.0000
     3e-04   4.35e-13   7.68e-10   7.68e-10   1.93e-10  2.07e-14   1.0000
     1e-04   1.21e-12   1.40e-10   1.40e-10   1.93e-10  6.04e-14   1.0000
     3e-05   4.69e-12   1.24e-10   1.23e-10   1.92e-10  1.33e-13   1.0000
     1e-05   1.57e-11   1.28e-10   1.27e-10   1.98e-10  4.35e-13   1.0000
     3e-06   2.46e-01   2.46e-01   1.18e-10   1.81e-10  6.04e-12   0.9130
     1e-06   4.45e-01   4.45e-01   9.61e-12   2.96e-11  7.42e-12  -0.8282
  -> best h = 3e-05  E_gold(A) = 1.236e-10

[stance]  ncon=4  |A_gold|_F=10.72
         h  E_same(A)  E_gold(A)   E_cpu(A)  E_gold(B)  GPUnoise  cos_min
     1e-02   2.36e-09   6.19e+00   6.19e+00   1.07e+00  3.58e-15   0.8870
     3e-03   3.94e-08   1.14e+00   1.14e+00   2.77e-07  2.24e-08   0.9780
     1e-03   2.61e-07   2.85e-01   2.85e-01   5.89e-07  1.56e-07   0.9937
     3e-04   8.93e-07   1.60e-03   1.60e-03   3.37e-09  4.48e-07   1.0000
     1e-04   3.01e-06   1.79e-04   1.78e-04   3.36e-09  1.64e-06   1.0000
     3e-05   1.22e-05   2.02e-05   1.60e-05   3.40e-05  3.16e-06   1.0000
     1e-05   3.67e-05   3.63e-05   1.76e-06   8.32e-05  1.89e-05   1.0000
     3e-06   8.35e-05   8.35e-05   1.43e-07   1.96e-04  3.16e-05   1.0000
     1e-06   2.51e-04   2.51e-04   1.52e-09   1.32e-03  1.89e-04   1.0000
  -> best h = 3e-05  E_gold(A) = 2.015e-05

[loaded]  ncon=8  |A_gold|_F=48.46
         h  E_same(A)  E_gold(A)   E_cpu(A)  E_gold(B)  GPUnoise  cos_min
     1e-02   1.87e-06   1.60e-02   1.60e-02   3.02e-02  1.18e-06   0.9999
     3e-03   4.40e-06   7.14e-04   7.14e-04   2.77e-05  3.21e-06   1.0000
     1e-03   1.39e-05   7.14e-04   7.14e-04   5.58e-05  1.25e-05   1.0000
     3e-04   4.71e-05   7.17e-04   7.14e-04   5.89e-05  4.14e-05   1.0000
     1e-04   1.76e-04   7.91e-04   7.14e-04   2.44e-04  6.20e-05   0.9999
     3e-05   4.60e-04   9.22e-04   7.14e-04   7.85e-04  1.95e-04   0.9999
     1e-05   1.49e-03   1.70e-03   7.14e-04   2.33e-03  9.66e-04   0.9993
     3e-06   5.42e-03   5.53e-03   7.14e-04   1.10e-02  2.84e-03   0.9931
     1e-06   2.13e-02   2.13e-02   7.14e-04   2.34e-02  8.78e-03   0.9356
  -> best h = 1e-03  E_gold(A) = 7.136e-04

[onset]  ncon=2  |A_gold|_F=24.94
         h  E_same(A)  E_gold(A)   E_cpu(A)  E_gold(B)  GPUnoise  cos_min
     1e-02   1.90e-14   6.90e+00   6.90e+00   2.44e-01  2.67e-16  -0.1402
     3e-03   1.16e-14   2.12e+01   2.12e+01   1.84e-01  3.57e-16  -0.1878
     1e-03   1.07e-14   5.82e+01   5.82e+01   1.02e-01  4.15e-16  -0.2031
     3e-04   4.80e-15   1.58e+02   1.58e+02   5.44e-02  4.40e-16   0.0068
     1e-04   2.36e-15   3.36e+02   3.36e+02   7.45e-11  7.15e-16   0.0023
     3e-05   2.45e-15   9.13e+02   9.13e+02   7.51e-11  8.96e-16   0.1772
     1e-05   4.15e-15   1.37e+03   1.37e+03   7.84e-11  1.63e-15   0.2489
     3e-06   1.91e-11   8.91e-08   8.91e-08   7.05e-11  9.72e-12   1.0000
     1e-06   6.03e-11   6.44e-11   4.50e-11   3.21e-11  2.31e-11   1.0000
  -> best h = 1e-06  E_gold(A) = 6.443e-11

[sliding]  ncon=4  |A_gold|_F=82.72
         h  E_same(A)  E_gold(A)   E_cpu(A)  E_gold(B)  GPUnoise  cos_min
     1e-02   4.11e-14   5.26e-01   5.26e-01   5.00e-01  1.10e-15   0.7773
     3e-03   9.10e-06   2.28e-01   2.28e-01   2.25e-01  4.60e-15   0.9460
     1e-03   2.85e-13   1.18e-01   1.18e-01   1.19e-10  1.59e-14   0.9923
     3e-04   6.00e-13   2.86e-02   2.86e-02   1.19e-10  4.94e-14   0.9995
     1e-04   2.48e-12   2.49e-04   2.49e-04   1.19e-10  1.33e-13   1.0000
     3e-05   1.09e-11   2.24e-05   2.24e-05   1.19e-10  4.15e-13   1.0000
     1e-05   2.69e-11   2.47e-06   2.47e-06   1.19e-10  1.60e-12   1.0000
     3e-06   7.82e-11   1.99e-07   1.99e-07   1.18e-10  3.99e-12   1.0000
     1e-06   3.59e-10   3.58e-10   2.40e-11   1.42e-10  1.45e-11   1.0000
  -> best h = 1e-06  E_gold(A) = 3.577e-10

[impact]  ncon=4  |A_gold|_F=260.2
         h  E_same(A)  E_gold(A)   E_cpu(A)  E_gold(B)  GPUnoise  cos_min
     1e-02   3.15e-14   8.08e-01   8.08e-01   2.17e-10  9.32e-16   0.7674
     3e-03   2.57e-14   2.82e+00   2.82e+00   2.17e-10  9.41e-16   0.7453
     1e-03   2.76e-13   2.30e-02   2.30e-02   2.17e-10  9.93e-15   0.9997
     3e-04   5.68e-13   2.18e-03   2.18e-03   2.17e-10  3.16e-14   1.0000
     1e-04   2.37e-12   2.43e-04   2.43e-04   2.17e-10  1.16e-13   1.0000
     3e-05   1.06e-11   2.19e-05   2.19e-05   2.17e-10  3.68e-13   1.0000
     1e-05   2.62e-11   2.41e-06   2.41e-06   2.18e-10  1.34e-12   1.0000
     3e-06   7.23e-11   1.95e-07   1.95e-07   2.31e-10  3.73e-12   1.0000
     1e-06   3.38e-10   3.40e-10   2.56e-11   3.11e-10  1.04e-11   1.0000
  -> best h = 1e-06  E_gold(A) = 3.397e-10

wrote /home/sergio/projects/gradients/mujoco_grad/results/mjx_control_S1.json
